phisboy@laphisboy-900X3K:~/RL_fall/fall_week_1$ python3 cliff_q.py
Success rate: -118.779
Final Q-Table Values
[[[ -3.8038058   -3.80902193  -3.80883297  -3.80467979]
  [ -3.70299244  -3.70460283  -3.70885769  -3.70569609]
  [ -3.55202656  -3.5480137   -3.55067852  -3.55495381]
  [ -3.36848467  -3.37174505  -3.37196526  -3.36986008]
  [ -3.17421967  -3.17769435  -3.18584785  -3.17669117]
  [ -2.98085036  -2.97940811  -2.97728914  -2.9752497 ]
  [ -2.76516143  -2.76453223  -2.76410172  -2.76586324]
  [ -2.54659972  -2.53983163  -2.54665014  -2.54024224]
  [ -2.30408027  -2.3034574   -2.30957014  -2.30908624]
  [ -2.06214131  -2.06575193  -2.06447231  -2.06890506]
  [ -1.83705419  -1.83581096  -1.83931177  -1.83923049]
  [ -1.66422265  -1.66331271  -1.66339742  -1.67160758]]

 [[ -3.90748219  -3.90242961  -3.90697297  -3.90700077]
  [ -3.75335178  -3.75719326  -3.75394856  -3.75815594]
  [ -3.5704108   -3.57233794  -3.5720863   -3.57508377]
  [ -3.37889268  -3.37901648  -3.38046634  -3.37479966]
  [ -3.17961077  -3.17863503  -3.17504896  -3.17976163]
  [ -2.97366439  -2.96858232  -2.9690269   -2.9672253 ]
  [ -2.75270911  -2.75369782  -2.75142529  -2.75432451]
  [ -2.52781132  -2.52742088  -2.52994864  -2.52741474]
  [ -2.28094281  -2.28430593  -2.28270036  -2.28202131]
  [ -2.0217737   -2.01992189  -2.02310704  -2.01835439]
  [ -1.74202994  -1.73785828  -1.74281387  -1.73654858]
  [ -1.47378151  -1.46975279  -1.47232622  -1.47317623]]

 [[ -4.12097592  -4.12070405  -4.11925462  -4.11693268]
  [ -3.8334134   -3.83093316 -57.86657778  -3.83874233]
  [ -3.59487395  -3.5955804  -54.79563497  -3.59552379]
  [ -3.37767707  -3.3744729  -50.01629701  -3.3764658 ]
  [ -3.16500065  -3.16274802 -42.464525    -3.16102745]
  [ -2.95007958  -2.94973745 -35.73883979  -2.95092274]
  [ -2.73168943  -2.72927836 -37.01763688  -2.72753941]
  [ -2.50533029  -2.50300185 -25.28279057  -2.50236651]
  [ -2.24096693  -2.24347545 -31.7445405   -2.2442189 ]
  [ -1.95123818  -1.95215546 -19.83694105  -1.95104648]
  [ -1.56026608  -1.56197367 -23.76572857  -1.56523754]
  [ -0.96077286  -0.96003286  -0.94894743  -0.95999542]]

 [[ -4.47977623 -87.76072562  -4.48266823  -4.47962649]
  [  0.           0.           0.           0.        ]
  [  0.           0.           0.           0.        ]
  [  0.           0.           0.           0.        ]
  [  0.           0.           0.           0.        ]
  [  0.           0.           0.           0.        ]
  [  0.           0.           0.           0.        ]
  [  0.           0.           0.           0.        ]
  [  0.           0.           0.           0.        ]
  [  0.           0.           0.           0.        ]
  [  0.           0.           0.           0.        ]
  [  0.           0.           0.           0.        ]]]
Q Values near starting position
START
[[ -4.47977623 -87.76072562  -4.48266823  -4.47962649]]
Above START
[[ -4.12097592  -4.12070405  -4.11925462  -4.11693268]
 [ -3.8334134   -3.83093316 -57.86657778  -3.83874233]]
Above above START
[[-3.90748219 -3.90242961 -3.90697297 -3.90700077]
 [-3.75335178 -3.75719326 -3.75394856 -3.75815594]]

