laphisboy@laphisboy-900X3K:~/RL_fall/fall_week_1$ python3 cliff_SARSA.py
Success rate: -110.792
Final Q-Table Values
[[[ -5.04796405  -5.04490232  -5.04625745  -5.04436581]
  [ -4.90157425  -4.89753388  -4.90098675  -4.89878873]
  [ -4.69372556  -4.69700887  -4.69623493  -4.69580151]
  [ -4.48754112  -4.47720205  -4.48248573  -4.48347664]
  [ -4.26164406  -4.25709335  -4.26163489  -4.26734781]
  [ -4.0180126   -4.01408879  -4.01546024  -4.01216433]
  [ -3.73243538  -3.7289596   -3.72934373  -3.72715272]
  [ -3.44306424  -3.43778231  -3.4404647   -3.44606688]
  [ -3.14697064  -3.13850475  -3.13492994  -3.1425153 ]
  [ -2.82598016  -2.8212695   -2.82363257  -2.82181379]
  [ -2.47741356  -2.48103848  -2.47750599  -2.48423692]
  [ -2.19316777  -2.18095012  -2.18235354  -2.1864307 ]]

 [[ -5.18131607  -5.18191879  -5.17902335  -5.18519691]
  [ -4.94702408  -4.94652235  -5.08051739  -4.95036558]
  [ -4.69636381  -4.6930921   -4.69219872  -4.69100396]
  [ -4.45685824  -4.45981517  -4.91990767  -4.45866091]
  [ -4.27175422  -4.27883751  -4.30631859  -4.27669968]
  [ -4.03024836  -4.02566757  -4.19460737  -4.03195738]
  [ -3.68758161  -3.68016378  -3.93393453  -3.70882277]
  [ -3.41181376  -3.4063515   -3.44119807  -3.40873892]
  [ -3.11232907  -3.10739899  -3.10730966  -3.11129653]
  [ -2.78198432  -2.77416943  -2.97984765  -2.78376143]
  [ -2.33631055  -2.33286684  -2.33231788  -2.33119944]
  [ -1.8181589   -1.80861852  -1.80791708  -1.81920918]]

 [[ -5.4619545   -5.60901178  -5.85142828  -5.46444349]
  [ -4.68087526  -4.90508453 -44.73165228  -4.67900451]
  [ -4.53314662  -4.52763656 -39.49939329  -4.52976098]
  [ -3.95058734  -3.94514522 -40.10439935  -3.94332174]
  [ -3.81295143  -3.82956523 -40.10439935  -4.1007473 ]
  [ -3.89730992  -3.90565673 -29.6552305   -4.11362998]
  [ -2.93474867  -2.92197958 -35.73883979  -2.93594645]
  [ -2.72699325  -2.72355257 -32.42709509  -2.72239262]
  [ -2.90643808  -2.90225809 -22.21786406  -3.04485167]
  [ -2.51140566  -2.48655926 -26.02996266  -2.49326421]
  [ -1.57230844  -1.56013078 -26.76966303  -1.55944926]
  [ -1.03533845  -1.01896131  -0.98956774  -1.29121749]]

 [[ -5.65773872 -73.19532831  -6.58676967  -6.09652006]
  [  0.           0.           0.           0.        ]
  [  0.           0.           0.           0.        ]
  [  0.           0.           0.           0.        ]
  [  0.           0.           0.           0.        ]
  [  0.           0.           0.           0.        ]
  [  0.           0.           0.           0.        ]
  [  0.           0.           0.           0.        ]
  [  0.           0.           0.           0.        ]
  [  0.           0.           0.           0.        ]
  [  0.           0.           0.           0.        ]
  [  0.           0.           0.           0.        ]]]
Q Values near starting position
START
[[ -5.65773872 -73.19532831  -6.58676967  -6.09652006]]
Above START
[[ -5.4619545   -5.60901178  -5.85142828  -5.46444349]
 [ -4.68087526  -4.90508453 -44.73165228  -4.67900451]]
Above above START
[[-5.18131607 -5.18191879 -5.17902335 -5.18519691]
 [-4.94702408 -4.94652235 -5.08051739 -4.95036558]]

